
O(n)	RLE	JmDv	JmDvM1	JmDM2	JmDvM2	openCV	Ehren2cut	Ehren2	Ehren3
3	30677	86181	81037	79478	79417	9888	12031	13654	13350
13	53523	90309	71194	76361	76892	160299	5962	13790	12851
23	56722	89427	69278	73283	73241	498911	5403	14041	13249
33	59678	89766	68058	72396	72314	1029353	5391	14123	13150
43	61947	89598	67711	72175	72433	1732636	5441	14029	13179
53	64935	90138	67663	72050	72111	2632675	5449	14005	13696
63	66991	89060	67040	71482	71419	3719938	5480	13331	13122
73	70053	89096	66664	71307	71113	4997947	5690	14524	13804
83	72583	89122	66248	70411	70351	6498571	5625	13482	13409
93	75030	88425	65321	70132	70280	8176325	5674	13788	13717
103	77371	88227	65297	70139	70391	10023449	5791	14005	13512
113	79826	88131	65638	70241	69449	12058231	5721	14340	13996
123	82959	88896	65336	69267	69250	14281347	5977	14594	13669
133	85171	89024	65884	70434	70094	16686571	5921	14384	13879
143	87773	88530	65194	69861	69781	19283769	6067	14651	13741
153	90461	88834	64957	69773	70068	22070922	5953	15036	14554
163	92924	88847	65820	70266	70571	25048916	6259	14888	14148
173	95447	88826	65158	69633	69749	28211366	6056	14974	14034
183	98342	88896	64694	69494	70114	31564022	6378	14601	14165
193	100478	88303	64974	69585	69162	35105481	6403	15557	14756
203	103652	88879	64249	68999	68727	38821639	6527	15130	14336
213	105848	88582	65910	70366	70040	42741231	6524	15491	14760
223	108380	88491	65559	69937	69981	46844532	6414	14906	14587
233	110982	88913	64270	69138	69178	51244386	6633	15299	14601
243	113577	88429	64972	69595	69593	55815470	6729	15366	14626
253	116177	89171	66196	70571	70513	60444757	6636	15886	15339
263	118702	88161	65661	70042	70100	65390754	6871	15507	14753
273	121071	88362	65071	69505	69611	70537165	6946	15794	15296
283	124274	88664	65062	69538	69221	75826842	6972	15939	15470
293	125596	89460	65139	69571	69529	81284857	6776	15471	15492
303	129100	88929	65151	69723	69911	86877577	7145	16109	15330