
O(n)	RLE	JmDv	JmDvM1	JmDM2	JmDvM2	openCV	Ehren2cut	Ehren2	Ehren3
3	27880	83619	78325	78888	79016	8252	10815	11267	11597
13	10521	72524	71045	76016	75847	29788	2923	2959	4191
23	7119	70778	68262	73769	73312	54349	2150	2108	2547
33	9231	71308	67462	72959	72640	80810	2098	2052	2149
43	11706	70887	68020	73285	73293	110016	2077	2026	2161
53	14213	70265	67259	72238	72702	137944	2138	2081	2216
63	16761	70876	67179	72269	71840	164657	2166	2125	2265
73	19430	70542	67031	71680	71771	191497	2196	2199	2289
83	22015	70862	66383	71375	71314	218453	2284	2271	2379
93	24394	70873	66288	71046	70984	245246	2295	2287	2345
103	26958	71013	66400	71185	70990	272474	2418	2394	2596
113	29661	70245	65580	70055	70671	300153	2412	2347	2451
123	32219	70534	66313	70490	70495	326169	2484	2464	2548
133	34627	70420	65787	70642	70855	353633	2515	2504	2605
143	37384	71024	65359	70260	69888	380913	2614	2589	2708
153	40029	70698	65640	70393	69869	408140	2663	2648	2713
163	42711	71966	65793	70260	70285	436362	2740	2724	2802
173	45011	70788	65419	70447	70470	462629	2772	2738	2836
183	48041	70550	65349	70279	70691	490197	2839	2820	2882
193	50255	71087	66158	70629	70284	518831	2916	2895	2974
203	53324	70740	65202	70448	70562	549976	2998	2985	3082
213	55142	70991	66632	71233	71241	577176	3028	2964	3232
223	57572	70778	65875	70278	70288	605769	3116	3074	3325
233	60248	70868	65354	69937	69910	634072	3184	3120	3623
243	62955	71467	66103	70663	71090	663874	3245	3252	3442
253	65131	70970	66283	71060	70982	690220	3312	3252	3353
263	68399	70897	65996	70855	71072	718332	3378	3316	3445
273	70828	71656	66082	70719	70717	750057	3404	3359	3856
283	73465	71408	65596	70659	70616	779420	3507	3462	3677
293	75962	71538	66008	70872	70843	809937	3542	3518	3930
303	78268	71154	66167	71574	71156	840732	3646	3603	4017